0.7142857142857143
0.19047619047619047
0.5238095238095238
1.0476190476190477
1.7142857142857142
0.6190476190476191
0.9523809523809523
0.5714285714285714
0.42857142857142855
1.0
1.0476190476190477
0.47619047619047616
1.0
1.2857142857142858
0.6666666666666666
0.47619047619047616
1.1904761904761905
0.6190476190476191
0.7619047619047619
0.3333333333333333
0.8095238095238095
0.5714285714285714
1.4761904761904763
1.0476190476190477
1.0
0.7142857142857143
1.380952380952381
1.5714285714285714
0.3333333333333333
1.0476190476190477
1.0476190476190477
0.7619047619047619
1.0
1.0
0.0
1.1904761904761905
1.3333333333333333
0.42857142857142855
0.5714285714285714
1.2857142857142858
0.6666666666666666
0.5714285714285714
0.42857142857142855
0.9047619047619048
1.3333333333333333
0.38095238095238093
0.7619047619047619
0.7619047619047619
1.3333333333333333
2.0952380952380953
0.42857142857142855
0.8095238095238095
0.9523809523809523
0.23809523809523808
0.6190476190476191
0.2857142857142857
0.2857142857142857
1.380952380952381
0.6190476190476191
0.2857142857142857
0.8095238095238095
2.3333333333333335
0.7142857142857143
0.23809523809523808
1.0952380952380953
0.5238095238095238
1.1428571428571428
1.9523809523809523
1.1428571428571428
1.1904761904761905
0.7619047619047619
1.619047619047619
0.38095238095238093
0.7619047619047619
1.3333333333333333
0.7619047619047619
0.5238095238095238
0.6190476190476191
0.38095238095238093
0.7142857142857143
0.6666666666666666
0.5714285714285714
1.4285714285714286
1.0476190476190477
0.47619047619047616
1.1428571428571428
1.3333333333333333
0.47619047619047616
1.7619047619047619
0.42857142857142855
0.6190476190476191
0.7619047619047619
1.0476190476190477
1.1428571428571428
1.0476190476190477
0.7619047619047619
1.380952380952381
0.7619047619047619
1.8095238095238095
1.1904761904761905
